   7       0 loop0 662860 0 309433971 119851 420959 0 104835292 597908 0 702160 1299408 828 0 3472883712 10 387602 581637
   7       1 loop1 5556 0 3679388 1879 0 0 0 0 0 665 1879 0 0 0 0 0 0
   7       2 loop2 0 0 0 0 0 0 0 0 0 0 0 0 0 0 0 0 0
   7       3 loop3 0 0 0 0 0 0 0 0 0 0 0 0 0 0 0 0 0
   7       4 loop4 0 0 0 0 0 0 0 0 0 0 0 0 0 0 0 0 0
   7       5 loop5 0 0 0 0 0 0 0 0 0 0 0 0 0 0 0 0 0
   7       6 loop6 0 0 0 0 0 0 0 0 0 0 0 0 0 0 0 0 0
   7       7 loop7 0 0 0 0 0 0 0 0 0 0 0 0 0 0 0 0 0
 259       0 nvme0n1 1368518567 12984910 27225288731 197359149 709640451 160792219 27274538492 870591871 20 172368095 1156353041 630784 0 2087145272 1094839 82361427 87307181
 259       1 nvme0n1p1 449 6338 33070 458 3 0 10 2 0 346 467 2 0 4369376 5 0 0
 259       2 nvme0n1p2 1368517930 12978572 27225240677 197358403 709640448 160792219 27274538482 870591869 19 195134639 1069045106 630782 0 2082775896 1094833 0 0
  43       0 nbd0 0 0 0 0 0 0 0 0 0 0 0 0 0 0 0 0 0
  43      32 nbd1 0 0 0 0 0 0 0 0 0 0 0 0 0 0 0 0 0
  43      64 nbd2 0 0 0 0 0 0 0 0 0 0 0 0 0 0 0 0 0
  43      96 nbd3 0 0 0 0 0 0 0 0 0 0 0 0 0 0 0 0 0
  43     128 nbd4 0 0 0 0 0 0 0 0 0 0 0 0 0 0 0 0 0
  43     160 nbd5 0 0 0 0 0 0 0 0 0 0 0 0 0 0 0 0 0
  43     192 nbd6 0 0 0 0 0 0 0 0 0 0 0 0 0 0 0 0 0
  43     224 nbd7 22266 2965 714288 1703 1098 400 33156 2072 0 2836 3990 0 0 0 0 398 213
  43     256 nbd8 0 0 0 0 0 0 0 0 0 0 0 0 0 0 0 0 0
  43     288 nbd9 0 0 0 0 0 0 0 0 0 0 0 0 0 0 0 0 0
  43     320 nbd10 0 0 0 0 0 0 0 0 0 0 0 0 0 0 0 0 0
  43     352 nbd11 0 0 0 0 0 0 0 0 0 0 0 0 0 0 0 0 0
  43     384 nbd12 0 0 0 0 0 0 0 0 0 0 0 0 0 0 0 0 0
  43     416 nbd13 0 0 0 0 0 0 0 0 0 0 0 0 0 0 0 0 0
  43     448 nbd14 0 0 0 0 0 0 0 0 0 0 0 0 0 0 0 0 0
  43     480 nbd15 0 0 0 0 0 0 0 0 0 0 0 0 0 0 0 0 0
