   7       0 loop0 0 0 0 0 0 0 0 0 0 0 0 0 0 0 0 0 0
   7       1 loop1 0 0 0 0 0 0 0 0 0 0 0 0 0 0 0 0 0
   7       2 loop2 0 0 0 0 0 0 0 0 0 0 0 0 0 0 0 0 0
   7       3 loop3 0 0 0 0 0 0 0 0 0 0 0 0 0 0 0 0 0
   7       4 loop4 0 0 0 0 0 0 0 0 0 0 0 0 0 0 0 0 0
   7       5 loop5 0 0 0 0 0 0 0 0 0 0 0 0 0 0 0 0 0
   7       6 loop6 0 0 0 0 0 0 0 0 0 0 0 0 0 0 0 0 0
   7       7 loop7 0 0 0 0 0 0 0 0 0 0 0 0 0 0 0 0 0
 259       0 nvme0n1 771793 50498 86281878 589790 1122326 393670 35139458 1183513 0 533411 2201249 0 0 0 0 321864 427945
 259       1 nvme0n1p1 166 2121 17084 83 3 0 10 0 0 60 83 0 0 0 0 0 0
 259       2 nvme0n1p2 771517 48377 86260018 589688 1122323 393670 35139448 1183513 0 587919 1773202 0 0 0 0 0 0
