   7       0 loop0 0 0 0 0 0 0 0 0 0 0 0 0 0 0 0 0 0
   7       1 loop1 0 0 0 0 0 0 0 0 0 0 0 0 0 0 0 0 0
   7       2 loop2 0 0 0 0 0 0 0 0 0 0 0 0 0 0 0 0 0
   7       3 loop3 0 0 0 0 0 0 0 0 0 0 0 0 0 0 0 0 0
   7       4 loop4 0 0 0 0 0 0 0 0 0 0 0 0 0 0 0 0 0
   7       5 loop5 0 0 0 0 0 0 0 0 0 0 0 0 0 0 0 0 0
   7       6 loop6 0 0 0 0 0 0 0 0 0 0 0 0 0 0 0 0 0
   7       7 loop7 0 0 0 0 0 0 0 0 0 0 0 0 0 0 0 0 0
 259       0 nvme0n1 771831 50498 86284270 589821 1132828 397197 35424338 1191412 0 539423 2213261 0 0 0 0 325134 432027
 259       1 nvme0n1p1 166 2121 17084 83 3 0 10 0 0 60 83 0 0 0 0 0 0
 259       2 nvme0n1p2 771555 48377 86262410 589719 1132825 397197 35424328 1191412 0 594163 1781131 0 0 0 0 0 0
