   7       0 loop0 0 0 0 0 0 0 0 0 0 0 0 0 0 0 0 0 0
   7       1 loop1 0 0 0 0 0 0 0 0 0 0 0 0 0 0 0 0 0
   7       2 loop2 0 0 0 0 0 0 0 0 0 0 0 0 0 0 0 0 0
   7       3 loop3 0 0 0 0 0 0 0 0 0 0 0 0 0 0 0 0 0
   7       4 loop4 0 0 0 0 0 0 0 0 0 0 0 0 0 0 0 0 0
   7       5 loop5 0 0 0 0 0 0 0 0 0 0 0 0 0 0 0 0 0
   7       6 loop6 0 0 0 0 0 0 0 0 0 0 0 0 0 0 0 0 0
   7       7 loop7 0 0 0 0 0 0 0 0 0 0 0 0 0 0 0 0 0
 259       0 nvme0n1 770582 50496 86118862 589224 1055764 370087 33197841 1133436 0 504776 2130341 0 0 0 0 301752 407680
 259       1 nvme0n1p1 166 2121 17084 83 2 0 9 0 0 60 83 0 0 0 0 0 0
 259       2 nvme0n1p2 770306 48375 86097002 589122 1055762 370087 33197832 1133436 0 558350 1722559 0 0 0 0 0 0
