03:01:37 nvme0n1       1338.40   5713.72     2.54   0.19    0.69     4.27  695.23  18880.05   192.25  21.66    9.65    27.16    0.00      0.00     0.00   0.00    0.00     0.00  128.21    2.28    7.92  34.25 680
03:01:42 nvme0n1        978.00    504.50     0.00   0.00    0.12     0.52  234.60   2940.00    81.20  25.71    1.47    12.53    0.00      0.00     0.00   0.00    0.00     0.00   65.40    1.47    0.55  19.80 804
03:01:47 nvme0n1       1371.00    694.80     0.00   0.00    0.16     0.51  325.40   3196.80    93.20  22.26    1.93     9.82    0.00      0.00     0.00   0.00    0.00     0.00   90.00    2.09    1.03  27.72 528
03:01:52 nvme0n1        950.20    589.80     0.00   0.00    0.36     0.62  522.00   6765.60   157.80  23.21    1.68    12.96    0.00      0.00     0.00   0.00    0.00     0.00  147.20    1.80    1.49  33.32 336
03:01:57 nvme0n1       1329.00    842.40     7.00   0.52    0.32     0.63  321.60   4032.70   245.60  43.30    1.28    12.54    0.00      0.00     0.00   0.00    0.00     0.00   90.00    1.74    1.00  26.96 1504
03:02:02 nvme0n1       1045.60    609.60     0.00   0.00    0.11     0.58  314.00   3354.60    81.40  20.59    1.74    10.68    0.00      0.00     0.00   0.00    0.00     0.00   72.60    1.54    0.78  22.70 1352
03:02:07 nvme0n1       1258.60    767.10     0.00   0.00    0.15     0.61  421.40   3700.00   115.40  21.50    1.03     8.78    0.00      0.00     0.00   0.00    0.00     0.00  113.20    1.68    0.81  30.56 1492
03:02:12 nvme0n1       1123.20    685.60     0.00   0.00    0.15     0.61  531.20   7077.80   137.20  20.53    2.55    13.32    0.00      0.00     0.00   0.00    0.00     0.00  134.80    1.68    1.75  31.62 1320
03:02:17 nvme0n1        990.00    547.70     0.00   0.00    0.10     0.55  298.80   3165.60    76.20  20.32    1.96    10.59    0.00      0.00     0.00   0.00    0.00     0.00   68.00    1.52    0.79  21.44 1436
03:02:22 nvme0n1       1402.60   1145.30     0.00   0.00    0.23     0.82  359.00   4089.50   109.40  23.36    1.78    11.39    0.00      0.00     0.00   0.00    0.00     0.00   86.80    2.04    1.13  25.62 1256
03:02:27 nvme0n1       4369.00   9975.40     0.00   0.00    0.26     2.28 3430.00  23357.00   176.00   4.88    0.76     6.81    0.00      0.00     0.00   0.00    0.00     0.00  140.80    2.10    4.04  32.82 1288
03:02:32 nvme0n1       8327.80  29040.90     0.00   0.00    0.52     3.49 2815.20 117200.90   162.00   5.44   22.25    41.63    0.00      0.00     0.00   0.00    0.00     0.00  149.00    2.76   67.36  51.68 1648
03:02:37 nvme0n1       6718.60  12870.30     0.00   0.00    0.29     1.92 2970.00  21455.30    97.00   3.16    0.73     7.22    0.00      0.00     0.00   0.00    0.00     0.00   88.20    2.10    4.29  30.74 936
03:02:42 nvme0n1       2062.20   3561.40     0.00   0.00    1.68     1.73 2020.80 112627.50   106.80   5.02   38.66    55.73    0.00      0.00     0.00   0.00    0.00     0.00   87.00    5.19   82.06  48.88 19244
03:02:47 nvme0n1       11728.40  35529.00     0.00   0.00    0.26     3.03 2829.40  16068.20   207.00   6.82    0.64     5.68    0.00      0.00     0.00   0.00    0.00     0.00  147.00    2.27    5.15  37.44 592
03:02:52 nvme0n1       4142.00   8297.90     0.00   0.00    0.32     2.00 3379.00  29086.30   129.20   3.68    1.06     8.61    0.00      0.00     0.00   0.00    0.00     0.00  118.20    2.09    5.16  29.98 796
03:02:57 nvme0n1       9681.00  30235.80     0.00   0.00    0.40     3.12 2555.20 110976.80   142.40   5.28   28.54    43.43    0.00      0.00     0.00   0.00    0.00     0.00   93.20    5.79   77.37  56.98 1716
03:03:02 nvme0n1       5813.40  12796.60     0.00   0.00    0.25     2.20 3226.40  25597.80   113.60   3.40    1.65     7.93    0.00      0.00     0.00   0.00    0.00     0.00  105.40    3.42    7.12  33.24 1860
03:03:07 nvme0n1       6370.00  27674.40     0.00   0.00    0.41     4.34 2144.00 113781.50   116.00   5.13   34.05    53.07    0.00      0.00     0.00   0.00    0.00     0.00   91.60    6.70   76.24  58.16 1724
03:03:12 nvme0n1       6700.60   7014.70     0.00   0.00    0.50     1.05 1580.80   8119.30   193.00  10.88    0.70     5.14    0.00      0.00     0.00   0.00    0.00     0.00  152.80    2.08    4.79  33.58 536
03:03:17 nvme0n1       5211.40  10337.90     0.00   0.00    0.56     1.98 2763.00  25578.30   111.80   3.89    2.42     9.26    0.00      0.00     0.00   0.00    0.00     0.00  101.00    3.16    9.90  33.10 956
03:03:22 nvme0n1       2027.00   4053.30     0.00   0.00    1.31     2.00 1601.60 109522.30    81.60   4.85   37.63    68.38    0.00      0.00     0.00   0.00    0.00     0.00   71.80    9.72   63.63  58.18 26528
03:03:27 nvme0n1       12450.20  34479.60     0.00   0.00    0.69     2.77 2495.80  11947.20   131.60   5.01    1.54     4.79    0.00      0.00     0.00   0.00    0.00     0.00  104.00    3.51   12.84  40.08 496
03:03:32 nvme0n1       4554.80   8960.90     0.00   0.00    0.60     1.97 3259.20  29609.30   214.80   6.18    1.93     9.08    0.00      0.00     0.00   0.00    0.00     0.00  167.40    2.81    9.47  45.24 848
03:03:37 nvme0n1       3108.00  11147.80     0.00   0.00    1.74     3.59 1310.00 111253.40   144.00   9.90  104.00    84.93    0.00      0.00     0.00   0.00    0.00     0.00  101.60    9.80  142.63  62.78 1612
03:03:42 nvme0n1       10146.40  27089.40     0.00   0.00    0.38     2.67 2480.00  10466.10   138.60   5.29    0.57     4.22    0.00      0.00     0.00   0.00    0.00     0.00  106.20    2.61    5.53  39.42 0
03:03:47 nvme0n1       4178.80   7693.50     0.00   0.00    0.47     1.84 2885.20  22688.50   110.80   3.70    1.42     7.86    0.00      0.00     0.00   0.00    0.00     0.00  100.20    2.89    6.35  38.38 872
03:03:52 nvme0n1       10752.80  30149.70     0.00   0.00    1.73     2.80 2606.60 113802.50   187.00   6.69   29.91    43.66    0.00      0.00     0.00   0.00    0.00     0.00  133.80    5.58   97.29  64.94 1772
03:03:57 nvme0n1       5246.80  12055.00     0.00   0.00    0.39     2.30 2682.20  22521.50   117.20   4.19    1.47     8.40    0.00      0.00     0.00   0.00    0.00     0.00  101.60    2.95    6.32  35.56 1064
03:04:02 nvme0n1       1824.40   3263.70     0.00   0.00    2.51     1.79 1503.80 100237.80    70.80   4.50   47.62    66.66    0.00      0.00     0.00   0.00    0.00     0.00   58.20    9.45   76.73  56.68 54256
03:04:07 nvme0n1       11014.20  32046.50     0.00   0.00    0.33     2.91 2335.80  19247.30   145.20   5.85    0.78     8.24    0.00      0.00     0.00   0.00    0.00     0.00  109.20    3.09    5.83  41.20 912
03:04:12 nvme0n1       1198.60    674.10     0.00   0.00    0.40     0.56  462.60   6216.30   146.40  24.04    1.91    13.44    0.00      0.00     0.00   0.00    0.00     0.00  125.00    2.36    1.65  37.64 240
03:04:17 nvme0n1       1144.00    743.90    17.00   1.46    0.28     0.65  354.80   4006.80    79.60  18.32    1.42    11.29    0.00      0.00     0.00   0.00    0.00     0.00   67.40    2.19    0.97  28.80 27456
03:04:22 nvme0n1       1196.80    717.00     7.60   0.63    0.31     0.60  965.00   9217.60   145.20  13.08    5.50     9.55    0.00      0.00     0.00   0.00    0.00     0.00   83.60    2.32    5.87  31.10 4888
03:04:27 nvme0n1       1033.80    609.30     0.00   0.00    0.36     0.59  362.80   3533.20   130.60  26.47    4.11     9.74    0.00      0.00     0.00   0.00    0.00     0.00   83.40    2.50    2.07  33.50 8192
03:04:32 nvme0n1       1331.00    857.70     0.00   0.00    0.38     0.64  719.60  10237.40   174.20  19.49    2.88    14.23    0.00      0.00     0.00   0.00    0.00     0.00  148.00    2.37    2.92  46.64 8720
03:04:37 nvme0n1       1054.40    628.60     0.00   0.00    0.40     0.60  488.40   4798.10    86.20  15.00    2.45     9.82    0.00      0.00     0.00   0.00    0.00     0.00   69.60    3.03    1.83  30.06 1496
03:04:42 nvme0n1       1157.20    618.70     0.00   0.00    0.27     0.53  354.00   3677.20   123.80  25.91    2.49    10.39    0.00      0.00     0.00   0.00    0.00     0.00   93.60    2.10    1.38  35.10 1352
03:04:47 nvme0n1       1152.00    625.60     0.00   0.00    0.18     0.54  380.00   3496.90   111.40  22.67    6.01     9.20    0.00      0.00     0.00   0.00    0.00     0.00   90.40    2.21    2.69  39.38 1468
03:04:52 nvme0n1       1211.80   1133.60     0.00   0.00    0.35     0.94  530.40   6983.20   156.00  22.73    2.63    13.17    0.00      0.00     0.00   0.00    0.00     0.00  127.80    2.27    2.11  39.34 1192
03:04:57 nvme0n1       4291.20   9319.50     0.00   0.00    0.32     2.17 2890.20  20055.10   118.60   3.94    3.34     6.94    0.00      0.00     0.00   0.00    0.00     0.00  103.60    3.36   11.38  32.96 2016
03:05:02 nvme0n1       1707.20   2768.10    14.40   0.84    1.72     1.62 1446.80 105864.60    64.20   4.25   64.25    73.17    0.00      0.00     0.00   0.00    0.00     0.00   47.20   11.48   96.44  55.64 812
03:05:07 nvme0n1       11896.60  35115.30     0.00   0.00    0.35     2.95 2447.00  13483.60   173.40   6.62    8.65     5.51    0.00      0.00     0.00   0.00    0.00     0.00  132.40    4.06   25.90  45.72 624
03:05:12 nvme0n1       4674.40   9017.60     0.00   0.00    0.72     1.93 3422.20  30107.70   128.60   3.62    2.32     8.80    0.00      0.00     0.00   0.00    0.00     0.00  125.20    3.36   11.76  40.84 848
03:05:17 nvme0n1       2165.80   6551.70     0.00   0.00    2.78     3.03  909.00 109282.90    95.20   9.48  119.03   120.22    0.00      0.00     0.00   0.00    0.00     0.00   63.20   11.70  114.95  65.76 1692
03:05:22 nvme0n1       11553.20  31938.80     0.00   0.00    0.60     2.76 3210.60  14548.40   129.40   3.87    1.07     4.53    0.00      0.00     0.00   0.00    0.00     0.00  105.60    3.09   10.74  40.36 1140
03:05:27 nvme0n1       3869.40   6693.90     0.00   0.00    0.39     1.73 2359.80  44740.70   116.00   4.69   14.12    18.96    0.00      0.00     0.00   0.00    0.00     0.00   97.80    2.85   35.10  46.26 336788
03:05:32 nvme0n1       8941.40  28364.80     0.00   0.00    1.60     3.17 2231.80  86691.70   207.00   8.49   20.17    38.84    0.00      0.00     0.00   0.00    0.00     0.00  118.20   10.95   60.59  68.44 992
03:05:37 nvme0n1       4920.00   6349.90     0.00   0.00    0.42     1.29  888.80   4284.90   154.20  14.78    0.80     4.82    0.00      0.00     0.00   0.00    0.00     0.00   98.40    2.54    3.02  36.64 908
03:05:42 nvme0n1       5173.80  10764.80     0.00   0.00    0.34     2.08 3031.00  25031.50    88.00   2.82    1.85     8.26    0.00      0.00     0.00   0.00    0.00     0.00   85.80    2.93    7.63  37.48 1116
03:05:47 nvme0n1       1493.60   2417.70     0.00   0.00    2.56     1.62 1247.20 105233.50    64.80   4.94   57.86    84.38    0.00      0.00     0.00   0.00    0.00     0.00   49.80   12.31   76.60  62.92 8160
03:05:52 nvme0n1       12534.60  36276.50     5.20   0.04    0.67     2.89 2587.00  19257.40   244.00   8.62    2.72     7.44    0.00      0.00     0.00   0.00    0.00     0.00  179.40    3.29   16.08  51.42 1216
03:05:57 nvme0n1       4596.20   8823.50     0.00   0.00    0.61     1.92 2858.00  24154.60   150.20   4.99    3.04     8.45    0.00      0.00     0.00   0.00    0.00     0.00  109.80    3.64   11.90  41.76 1256
03:06:02 nvme0n1       1841.20   3446.30     0.00   0.00    1.38     1.87 1563.20 114454.40    71.60   4.38   30.24    73.22    0.00      0.00     0.00   0.00    0.00     0.00   55.40    9.91   50.36  60.02 1160
03:06:07 nvme0n1       11685.00  34044.50     0.00   0.00    0.77     2.91 2516.00   6699.70   145.40   5.46    0.67     2.66    0.00      0.00     0.00   0.00    0.00     0.00  111.40    4.60   11.15  47.90 500
03:06:12 nvme0n1       4746.60   8807.60     0.00   0.00    0.75     1.86 3342.20  27702.80   170.40   4.85    4.46     8.29    0.00      0.00     0.00   0.00    0.00     0.00  141.20    3.39   18.98  43.66 712
03:06:17 nvme0n1       1345.00   1811.00     0.00   0.00    2.26     1.35 1283.00 112431.80    97.00   7.03   82.09    87.63    0.00      0.00     0.00   0.00    0.00     0.00   79.80    9.82  109.15  72.42 1612
03:06:22 nvme0n1       12130.00  34378.70     0.00   0.00    1.01     2.83 2519.80  10290.60   192.80   7.11    1.49     4.08    0.00      0.00     0.00   0.00    0.00     0.00  146.40    3.83   16.55  45.58 828
03:06:27 nvme0n1       4962.20   9771.70     0.00   0.00    0.55     1.97 3151.00  25377.40   146.60   4.45    2.62     8.05    0.00      0.00     0.00   0.00    0.00     0.00  122.20    3.38   11.40  38.80 824
03:06:32 nvme0n1       2252.40   6425.30     0.00   0.00    2.15     2.85 1512.20 113452.40   132.40   8.05   34.88    75.02    0.00      0.00     0.00   0.00    0.00     0.00   98.80    8.84   58.46  62.96 1804
03:06:37 nvme0n1       10026.80  27635.00     0.00   0.00    0.40     2.76 2222.40   7592.70   179.60   7.48    0.76     3.42    0.00      0.00     0.00   0.00    0.00     0.00  133.00    3.14    6.14  44.52 1116
03:06:42 nvme0n1       1016.60    522.10     0.00   0.00    1.60     0.51  231.00   2808.10    80.20  25.77    3.61    12.16    0.00      0.00     0.00   0.00    0.00     0.00   68.00    4.63    2.77  38.36 532
03:06:47 nvme0n1        998.80   2338.40     0.00   0.00    0.37     2.34  531.20   5552.30   140.20  20.88    5.99    10.45    0.00      0.00     0.00   0.00    0.00     0.00   75.20    3.09    3.78  32.56 651424
03:06:52 nvme0n1       1898.20  50976.10     0.00   0.00    3.77    26.85 1503.60 141081.50   225.40  13.04   34.43    93.83    0.00      0.00     0.00   0.00    0.00     0.00   84.80    6.68   59.50  48.44 3585056
03:06:57 nvme0n1        956.60    633.30     0.00   0.00    8.98     0.66  746.40 184849.10    76.00   9.24  156.34   247.65    0.00      0.00     0.00   0.00    0.00     0.00   25.00   38.82  126.26  86.22 4468848
03:07:02 nvme0n1        962.00    491.50     0.00   0.00    4.75     0.51  756.80 207270.40    52.40   6.48  147.05   273.88    0.00      0.00     0.00   0.00    0.00     0.00   17.20   55.31  116.81  87.62 4580256
03:07:07 nvme0n1        708.40    373.10     0.00   0.00    9.23     0.53  694.60 192570.60    33.00   4.54  290.22   277.24    0.00      0.00     0.00   0.00    0.00     0.00   11.20  130.98  209.59  86.12 4624104
03:07:12 nvme0n1       1001.00    522.30     0.00   0.00    4.70     0.52  640.20 192558.40   180.40  21.98  146.44   300.78    0.00      0.00     0.00   0.00    0.00     0.00   20.40   61.68   99.71  82.30 3548988
03:07:17 nvme0n1        695.80    355.20     0.00   0.00   14.13     0.51  475.80 149219.60    23.40   4.69  460.66   313.62    0.00      0.00     0.00   0.00    0.00     0.00   13.40   95.01  230.28  88.64 3071716
